0101010101100111
1010010110100101
0100011001100110
1001111001101010
1100110111010101
0101010100011110
0001010001010010
0101010001010111
1001100110000101
1000100100000011
0001010101010001
0011011111111001
1001010010010110
0111100100011011
0101010100110100
0000000100111111
0001000011000001
0000110111010010
0100001110010001
1001100100011101
1010110101001110
1111001101010110
1110101001011000
0100111110000110
0011101010001001
0100100101000011
1101101110011100
0100110111010000
0111001011001100
0101100000100000
1100111101101100
1101010011010110
0100110101100001
1100101110100100
0011010011011110
1110100001101011
1000000110010110
0011111101011001
0001011100001001
1100110110111011
1110101100101010
1011111011110100
1110001100110101
0110001110110101
1111001111101001
0101111101110101
0000000000011100
1101101010011110
1100100010000101
0000111101111111
0001100010000111
0111001010011111
1101110000000100
0010011001010100
0001010001001100
0111111111110100
0001101000110000
0101001110101101
0101011000110000
0000010110001000
0100110101010001
1110110110101010
1101111101100111
0101000001110010
0111110100010110
0101110110110100
1010110000111110
1111100010111001
0100111000111000
0010000100011111
0011000100111100
0111100000111010
1011100000110110
1010101101111101
1100110001010011
0011111101001000
1010100001110101
0110111100001001
1001001110011111
0111010011110100
0111100111010110
1000011000100101
1010010101100110
0000001001111100
0111110101010101
0001011010000110
0110010001011110
1001111000111110
1000101111000111
0100110101100011
0101011111101101
1111101111001010
1111101101100011
1001111010111100
0101000100001000
1010101110001010
1110000100101100
0000111000011111
0110011111010000
0000101011101001
