0
24627
24153
24699
-5564
-8625
8548
-16296
4671
9966
-16474
-18018
12702
-23368
5249
5276
23205
11156
-28341
27241
-12391
-30115
-23507
-26171
-9949
-30168
-11863
28485
-30254
-6450
-9816
21303
-16461
-29863
28469
-12882
-24700
22537
-25406
-2754
-13796
-23336
-22105
3651
30672
16013
96
1764
24950
-24226
-26969
-27979
-30687
17085
-29918
26270
1314
-414
16190
-31702
-29050
11545
19190
14052
6783
-25489
-11018
-5276
20080
17706
-28425
-30035
24149
-26228
-15420
14556
3858
3001
-15514
2036
-8894
-27374
8447
-24964
22882
-20394
-25653
-16879
-31810
27118
-20417
-27376
-26067
-30920
26000
20977
-4124
8961
-27297
-13633
