0
21863
-23131
18022
-24982
-12843
21790
5202
21591
-26235
-30461
5457
14329
-27498
31003
21812
319
4289
3538
17297
-26339
-21170
-3242
-5544
20358
14985
18755
-9316
19920
29388
22560
-12436
-11050
19809
-13404
13534
-6037
-32362
16217
5897
-12869
-5334
-16652
-7371
25525
-3095
24437
28
-9570
-14203
3967
6279
29343
-9212
9812
5196
32756
6704
21421
22064
1416
19793
-4694
-8345
20594
32022
23988
-21442
-1863
20024
8479
12604
30778
-18378
-21635
-13229
16200
-22411
28425
-27745
29940
31190
-31195
-23194
636
32085
5766
25694
-25026
-29753
19811
22509
-1078
-1181
-24900
20744
-21622
-7892
3615
26576
