0110000000110011
0101111001011001
0110000001111011
1110101001000100
1101111001001111
0010000101100100
1100000001011000
0001001000111111
0010011011101110
1011111110100110
1011100110011110
0011000110011110
1010010010111000
0001010010000001
0001010010011100
0101101010100101
0010101110010100
1001000101001011
0110101001101001
1100111110011001
1000101001011101
1010010000101101
1001100111000101
1101100100100011
1000101000101000
1101000110101001
0110111101000101
1000100111010010
1110011011001110
1101100110101000
0101001100110111
1011111110110011
1000101101011001
0110111100110101
1100110110101110
1001111110000100
0101100000001001
1001110011000010
1111010100111110
1100101000011100
1010010011011000
1010100110100111
0000111001000011
0111011111010000
0011111010001101
0000000001100000
0000011011100100
0110000101110110
1010000101011110
1001011010100111
1001001010110101
1000100000100001
0100001010111101
1000101100100010
0110011010011110
0000010100100010
1111111001100010
0011111100111110
1000010000101010
1000111010000110
0010110100011001
0100101011110110
0011011011100100
0001101001111111
1001110001101111
1101010011110110
1110101101100100
0100111001110000
0100010100101010
1001000011110111
1000101010101101
0101111001010101
1001100110001100
1100001111000100
0011100011011100
0000111100010010
0000101110111001
1100001101100110
0000011111110100
1101110101000010
1001010100010010
0010000011111111
1001111001111100
0101100101100010
1011000001010110
1001101111001011
1011111000010001
1000001110111110
0110100111101110
1011000000111111
1001010100010000
1001101000101101
1000011100111000
0110010110010000
0101000111110001
1110111111100100
0010001100000001
1001010101011111
1100101010111111
0000000101011001
