0
538420101
-558683043
445125378
138999848
110770875
186260920
-84771792
100851561
-261458010
501814514
-98324226
182006958
642573264
162734747
115080112
7402395
47848084
-100270458
471187577
326366549
637534550
76209694
145092024
-202541742
-452067480
-222490565
-265366260
-602659680
-189552600
-221448960
-264924108
181894050
-591556167
-381598476
-174344988
149113900
-729342394
-412009102
-16240338
177540724
124474224
368092460
-26911521
782902800
-49560235
2345952
49392
-238771500
344081878
-106986023
-175680141
-900448641
-157387020
-293555416
136498920
43041384
-2775456
346805990
-699472928
-41134800
228510185
-90077860
-117263940
139689102
-816208758
-264299784
113127992
-37409040
354544944
-241015575
-378561140
743257922
482018184
333611700
-192561324
62499600
-67255411
-440985450
-56488820
-266286360
-853795060
-263504165
579015016
14552952
-654341490
-147915198
-433689026
796077060
-806841854
-404481187
-616206384
28100226
36516520
-647400000
435146888
89169128
-70720212
-98678655
-362310608
